MWD00	5073	0.00	424.00 	331.86 	5008226.40 	1265824.27 	SOL-IT
MWD00	5074	3.20	422.31 	330.17 	5008225.23 	1265821.31 	SH
MWD00	5075	5.40	422.77 	330.63 	5008224.17 	1265819.40 	SH-RD
MWD00	5076	10.60	422.62 	330.48 	5008221.91 	1265814.69 	SH-RD
MWD00	5077	19.50	419.85 	327.71 	5008218.51 	1265806.48 	SH-RD
MWD00	5078	21.90	418.15 	326.01 	5008217.80 	1265804.17 	SH
MWD00	7079	22.50	416.12 	323.98 	5008217.04 	1265803.78 	SH
MWD00	7078	24.80	415.43 	323.29 	5008216.10 	1265801.72 	SH
MWD00	7077	26.30	414.50 	322.36 	5008215.33 	1265800.38 	BB
MWD00	7076	29.90	413.88 	321.74 	5008213.89 	1265797.13 	SH
MWD00	7075	39.60	413.32 	321.18 	5008210.03 	1265788.26 	SH
MWD00	7074	47.60	413.90 	321.76 	5008207.32 	1265780.72 	SH
MWD00	7073	67.60	414.21 	322.07 	5008199.16 	1265762.44 	SH
MWD00	7072	93.60	414.13 	321.99 	5008187.81 	1265739.00 	SH
MWD00	7071	117.00	413.98 	321.84 	5008178.85 	1265717.33 	SH
MWD00	7070	133.40	413.76 	321.62 	5008171.61 	1265702.61 	SH
MWD00	7069	139.10	413.62 	321.48 	5008169.34 	1265697.44 	SH
MWD00	7068	140.20	413.48 	321.34 	5008168.72 	1265696.48 	WL
MWD00	7067	143.10	413.26 	321.12 	5008167.88 	1265693.73 	DP
MWD00	7066	145.40	413.03 	320.89 	5008166.39 	1265691.83 	DP
MWD00	7065	148.30	413.05 	320.91 	5008165.62 	1265689.02 	DP
MWD00	7064	152.60	413.00 	320.86 	5008164.02 	1265684.99 	DP
MWD00	7063	157.10	412.86 	320.72 	5008162.32 	1265680.81 	DP
MWD00	7062	160.50	412.79 	320.65 	5008161.38 	1265677.53 	DP
MWD00	7061	165.00	412.53 	320.39 	5008159.53 	1265673.47 	DP
MWD00	7048	170.10	412.45 	320.31 	5008157.08 	1265668.95 	DP
MWD00	7047	170.80	412.47 	320.33 	5008156.81 	1265668.31 	DP
MWD00	7046	171.70	412.55 	320.41 	5008156.33 	1265667.51 	DP
MWD00	7045	172.30	412.72 	320.58 	5008155.76 	1265667.10 	DP
MWD00	7044	173.80	413.20 	321.06 	5008155.32 	1265665.68 	DP
MWD00	7043	174.90	413.52 	321.38 	5008154.95 	1265664.66 	WL
MWD00	5072	175.20	413.48 	321.34 	5008155.18 	1265664.22 	WL
MWD00	7042	175.30	413.57 	321.43 	5008154.67 	1265664.37 	SH
MWD00	7041	176.00	414.86 	322.72 	5008154.42 	1265663.64 	SH
MWD00	5071	176.10	414.88 	322.74 	5008154.39 	1265663.61 	SH
MWD00	7049	183.30	414.89 	322.75 	5008151.58 	1265656.97 	SH
MWD00	7050	194.80	414.62 	322.48 	5008147.27 	1265646.27 	SH
MWD00	5070	195.80	414.59 	322.45 	5008146.46 	1265645.50 	SH
MWD00	7051	208.70	414.42 	322.28 	5008140.88 	1265633.91 	SH
MWD00	7052	209.10	414.36 	322.22 	5008140.84 	1265633.50 	SH
MWD00	5069	215.40	414.43 	322.29 	5008138.44 	1265627.71 	SH
MWD00	7053	226.40	414.50 	322.36 	5008134.39 	1265617.47 	SH
MWD00	7054	227.10	414.27 	322.13 	5008134.18 	1265616.75 	SH
MWD00	5068	232.90	414.44 	322.30 	5008131.25 	1265611.69 	SH
MWD00	7055	247.40	414.33 	322.19 	5008125.75 	1265598.25 	SH
MWD00	5067	247.60	414.32 	322.18 	5008125.26 	1265598.31 	SH
MWD00	5066	253.30	415.26 	323.12 	5008122.96 	1265593.04 	SH
MWD00	7056	255.80	415.37 	323.23 	5008122.03 	1265590.71 	BB
MWD00	7057	258.40	417.05 	324.91 	5008120.97 	1265588.34 	TB
MWD00	5065	260.80	417.33 	325.19 	5008119.89 	1265586.20 	SH
MWD00	7058	261.40	417.43 	325.29 	5008120.04 	1265585.54 	SH
MWD00	7059	266.80	417.30 	325.16 	5008117.67 	1265580.62 	SH
MWD00	5064	269.00	417.18 	325.04 	5008116.56 	1265578.71 	EOL
MWD00	7060	273.50	417.16 	325.02 	5008114.82 	1265574.61 	SH
							
MWD01	7040	8.00	415.43 	323.29 	5008059.49 	1265822.35 	TB
MWD01	7038	13.20	413.11 	320.97 	5008056.88 	1265817.72 	BB
MWD01	7039	13.70	413.52 	321.38 	5008056.95 	1265816.99 	SH
MWD01	7037	15.10	413.45 	321.31 	5008056.36 	1265815.73 	SH
MWD01	7036	33.00	413.08 	320.94 	5008045.70 	1265801.37 	SH
MWD01	7035	37.90	413.38 	321.24 	5008042.85 	1265797.33 	SH
MWD01	7034	38.10	413.19 	321.05 	5008042.71 	1265797.12 	SH
MWD01	7033	38.90	412.99 	320.85 	5008042.27 	1265796.53 	WL
MWD01	7032	40.90	412.69 	320.55 	5008041.24 	1265794.82 	DP
MWD01	7031	43.50	412.24 	320.10 	5008039.41 	1265792.90 	DP
MWD01	7030	46.40	412.23 	320.09 	5008037.26 	1265790.87 	DP
MWD01	7029	47.80	412.24 	320.10 	5008037.16 	1265789.19 	DP
MWD01	7028	50.00	412.34 	320.20 	5008035.72 	1265787.52 	DP
MWD01	7027	54.30	412.44 	320.30 	5008032.61 	1265784.51 	DP
MWD01	7026	58.90	412.84 	320.70 	5008030.18 	1265780.61 	DP
MWD01	7025	64.40	413.03 	320.89 	5008026.89 	1265776.20 	DP
MWD01	7024	70.80	413.11 	320.97 	5008023.74 	1265770.60 	DP
MWD01	7023	87.20	413.19 	321.05 	5008013.61 	1265757.58 	DP
MWD01	7022	99.30	413.10 	320.96 	5008006.27 	1265747.99 	DP
MWD01	7021	106.30	413.00 	320.86 	5008002.30 	1265742.29 	DP
MWD01	7020	113.30	413.03 	320.89 	5007997.42 	1265737.17 	DP
MWD01	7019	122.10	413.18 	321.04 	5007993.04 	1265729.46 	DP
MWD01	7018	128.20	413.35 	321.21 	5007989.32 	1265724.60 	WL
MWD01	7017	149.10	413.48 	321.34 	5007976.67 	1265708.00 	SH
MWD01	7016	153.30	414.40 	322.26 	5007973.88 	1265704.75 	SH
MWD01	7015	153.90	415.03 	322.89 	5007973.68 	1265704.15 	SH
MWD01	7014	162.30	414.89 	322.75 	5007968.96 	1265697.21 	SH
MWD01	7013	169.70	413.96 	321.82 	5007964.78 	1265691.11 	SH
MWD01	7012	175.90	414.33 	322.19 	5007960.79 	1265686.39 	SH
MWD01	7011	197.10	414.34 	322.20 	5007947.93 	1265669.55 	SH
MWD01	7010	214.80	413.86 	321.72 	5007937.77 	1265655.07 	SH
MWD01	7009	233.60	412.64 	320.50 	5007926.57 	1265639.86 	DP
MWD01	5063	234.70	412.93 	320.79 	5007925.77 	1265639.14 	WL-1345
MWD01	7008	234.90	412.91 	320.77 	5007925.88 	1265638.81 	BB
MWD01	7007	235.20	413.28 	321.14 	5007925.76 	1265638.57 	SH
MWD01	5062	236.50	413.78 	321.64 	5007926.92 	1265636.06 	SH
MWD01	7006	238.70	414.21 	322.07 	5007923.54 	1265635.80 	SH
MWD01	5061	240.90	414.04 	321.90 	5007917.38 	1265637.73 	SH
MWD01	7005	244.50	417.16 	325.02 	5007920.25 	1265630.99 	TB
MWD01	5060	245.40	416.93 	324.79 	5007919.31 	1265630.62 	SH
MWD01	7004	246.10	416.67 	324.53 	5007919.05 	1265629.91 	SH
MWD01	5059	249.30	416.66 	324.52 	5007917.31 	1265627.27 	EOL-FE
MWD01	7003	249.40	416.61 	324.47 	5007917.26 	1265627.18 	SH
							
MWD02	5106	0.80	415.28 	323.15 	5007817.36 	1265993.35 	SOL
MWD02	5105	1.00	415.23 	323.10 	5007817.78 	1265993.34 	SH
MWD02	5107	23.10	415.07 	322.94 	5007802.27 	1265974.95 	SH
MWD02	5108	43.90	415.36 	323.23 	5007790.77 	1265957.45 	SH
MWD02	5109	63.10	414.43 	322.30 	5007779.10 	1265942.27 	SH-TRACK
MWD02	5110	64.10	414.30 	322.17 	5007784.20 	1265937.66 	SH
MWD02	5111	65.90	414.22 	322.09 	5007780.78 	1265937.58 	SH
MWD02	5112	67.50	414.21 	322.08 	5007774.76 	1265940.04 	SH
MWD02	6186	69.60	414.26 	322.13 	5007775.93 	1265936.53 	TB
MWD02	6185	71.20	412.53 	320.40 	5007774.48 	1265935.55 	BB/WL
MWD02	6184	71.50	411.70 	319.57 	5007774.28 	1265935.38 	DP
MWD02	6183	73.50	412.01 	319.88 	5007773.10 	1265933.75 	DP
MWD02	6182	74.30	412.33 	320.20 	5007772.73 	1265933.01 	DP
MWD02	6187	77.50	412.56 	320.43 	5007770.54 	1265930.67 	WL
MWD02	6181	86.30	412.73 	320.60 	5007765.44 	1265923.52 	SH
MWD02	6180	112.00	412.87 	320.74 	5007749.90 	1265902.98 	SH
MWD02	6179	134.60	412.72 	320.59 	5007736.55 	1265884.75 	SH
MWD02	6178	150.30	412.34 	320.21 	5007727.17 	1265872.24 	SH
MWD02	6177	150.60	412.33 	320.20 	5007726.33 	1265872.39 	SH
MWD02	6176	155.70	412.26 	320.13 	5007724.11 	1265867.73 	WL
MWD02	6175	161.10	412.16 	320.03 	5007720.42 	1265863.77 	DP
MWD02	6174	169.00	411.95 	319.82 	5007715.70 	1265857.44 	DP
MWD02	6173	175.70	411.54 	319.41 	5007712.22 	1265851.72 	DP
MWD02	6172	181.90	411.28 	319.15 	5007708.63 	1265846.66 	DP
MWD02	6171	190.50	411.36 	319.23 	5007703.22 	1265839.97 	DP
MWD02	6170	192.20	411.90 	319.77 	5007702.08 	1265838.64 	DP
MWD02	6169	193.70	412.32 	320.19 	5007701.54 	1265837.23 	WL
MWD02	6168	194.60	412.78 	320.65 	5007700.47 	1265836.80 	SH
MWD02	6167	202.70	413.21 	321.08 	5007696.50 	1265829.65 	SH
MWD02	6166	232.00	412.90 	320.77 	5007678.83 	1265806.34 	SH
MWD02	6165	238.10	412.65 	320.52 	5007674.65 	1265801.89 	SH
MWD02	6164	239.90	412.90 	320.77 	5007673.94 	1265800.13 	SH
MWD02	6163	261.20	412.38 	320.25 	5007660.81 	1265783.38 	SH
MWD02	6162	267.70	412.67 	320.54 	5007657.17 	1265777.98 	SH
MWD02	6161	295.40	412.92 	320.79 	5007640.28 	1265756.03 	SH
MWD02	6158	312.20	414.27 	322.14 	5007630.47 	1265742.32 	SH
MWD02	5058	318.40	412.75 	320.62 	5007622.37 	1265740.73 	SH-NEXT-ACCESS-RD
MWD02	6159	320.80	414.73 	322.60 	5007625.42 	1265735.34 	SH
MWD02	6160	324.40	415.17 	323.04 	5007623.64 	1265732.24 	SH
MWD02	5057	325.80	415.34 	323.21 	5007622.21 	1265731.59 	SH-TRACK
MWD02	5056	330.30	415.68 	323.55 	5007619.46 	1265727.93 	SH-TRACK
MWD02	5055	348.40	415.43 	323.30 	5007609.58 	1265712.74 	SH
MWD02	5054	383.00	415.96 	323.83 	5007588.00 	1265685.72 	EOL-OFFSET-FE
							
MWD03	5117	-21.90	415.12 	323.00 	5007573.73 	1266157.16 	SH-OFFSET
MWD03	5118	-17.30	415.54 	323.42 	5007569.66 	1266152.55 	SH-OFFSET
MWD03	5120	-14.00	415.50 	323.38 	5007564.65 	1266145.74 	SH-OFFSET
MWD03	5115	27.80	413.98 	321.86 	5007534.78 	1266130.95 	SH-OFFSET
MWD03	6114	28.40	413.73 	321.61 	5007535.34 	1266129.82 	TB
MWD03	5116	28.80	416.27 	324.15 	5007546.79 	1266124.29 	SH-OFFSET
MWD03	5114	28.80	414.05 	321.93 	5007529.28 	1266135.29 	SH-OFFSET
MWD03	6115	31.40	411.89 	319.77 	5007533.42 	1266127.56 	BB
MWD03	6116	36.10	411.89 	319.77 	5007530.93 	1266123.53 	SH
MWD03	6117	70.10	411.98 	319.86 	5007510.34 	1266096.38 	SH
MWD03	6118	80.50	412.39 	320.27 	5007504.29 	1266087.98 	SH
MWD03	6119	89.40	412.28 	320.16 	5007499.10 	1266080.75 	SH
MWD03	6120	89.70	411.96 	319.84 	5007498.82 	1266080.53 	SH
MWD03	6121	94.40	411.66 	319.54 	5007496.07 	1266076.74 	SH
MWD03	6122	96.80	412.15 	320.03 	5007494.88 	1266074.63 	SH
MWD03	6123	109.70	412.00 	319.88 	5007487.09 	1266064.36 	SH
MWD03	6124	132.70	411.89 	319.77 	5007473.44 	1266045.87 	SH
MWD03	6125	158.40	411.97 	319.85 	5007457.71 	1266025.50 	SH
MWD03	6126	161.90	411.80 	319.68 	5007455.67 	1266022.71 	WL
MWD03	6127	167.70	411.53 	319.41 	5007451.93 	1266018.26 	DP
MWD03	6128	176.70	411.42 	319.30 	5007446.24 	1266011.21 	DP
MWD03	6129	182.10	411.15 	319.03 	5007443.91 	1266006.23 	DP
MWD03	6130	186.50	411.23 	319.11 	5007440.76 	1266003.10 	DP
MWD03	6131	191.20	411.19 	319.07 	5007438.47 	1265999.02 	DP
MWD03	6132	197.10	411.39 	319.27 	5007435.03 	1265994.23 	DP
MWD03	6133	204.20	411.68 	319.56 	5007430.62 	1265988.59 	DP
MWD03	6134	213.90	411.61 	319.49 	5007424.73 	1265980.86 	DP
MWD03	6135	217.30	411.65 	319.53 	5007422.42 	1265978.40 	WL
MWD03	6136	223.40	411.66 	319.54 	5007419.26 	1265973.15 	SH
MWD03	6137	260.00	412.03 	319.91 	5007397.36 	1265943.84 	SH
MWD03	6138	279.70	411.69 	319.57 	5007385.34 	1265928.17 	SH
MWD03	6139	283.60	411.36 	319.24 	5007383.48 	1265924.72 	WL
MWD03	6140	285.00	411.18 	319.06 	5007382.39 	1265923.82 	DP
MWD03	6141	290.50	411.26 	319.14 	5007378.44 	1265919.85 	DP
MWD03	6142	291.20	411.31 	319.19 	5007378.78 	1265918.77 	WL
MWD03	6143	293.70	411.52 	319.40 	5007376.85 	1265917.08 	SH
MWD03	6144	297.50	411.22 	319.10 	5007374.46 	1265914.05 	WL
MWD03	6145	300.20	411.01 	318.89 	5007373.04 	1265911.85 	DP
MWD03	6146	303.60	411.08 	318.96 	5007371.20 	1265908.92 	DP
MWD03	6147	306.20	411.16 	319.04 	5007369.25 	1265907.10 	WL
MWD03	6148	310.60	411.47 	319.35 	5007367.37 	1265903.00 	SH
MWD03	6149	318.10	411.28 	319.16 	5007362.27 	1265897.55 	SH
MWD03	6150	323.90	412.08 	319.96 	5007359.23 	1265892.47 	SH
MWD03	6151	344.80	412.00 	319.88 	5007346.67 	1265875.84 	SH
MWD03	6152	373.90	411.50 	319.38 	5007329.20 	1265852.59 	SH
MWD03	6153	375.50	411.23 	319.11 	5007328.45 	1265851.14 	SH
MWD03	6154	382.90	411.45 	319.32 	5007324.02 	1265845.21 	SH
MWD03	6155	389.60	411.46 	319.33 	5007319.56 	1265840.10 	BB
MWD03	5051	390.30	413.40 	321.27 	5007325.88 	1265834.68 	TB
MWD03	5052	391.00	413.22 	321.09 	5007320.68 	1265837.54 	TB
MWD03	5053	391.70	413.37 	321.24 	5007320.02 	1265837.17 	TB
MWD03	5050	402.60	415.53 	323.40 	5007311.76 	1265829.71 	SH-TRACK
MWD03	5049	406.30	415.63 	323.50 	5007309.65 	1265826.68 	SH-TRACK
MWD03	5048	459.00	414.99 	322.86 	5007277.52 	1265784.92 	SH
							
MWD04	6352	-1.20	413.76 	321.64 	5007375.78 	1266428.61 	SH
MWD04	6351	4.10	413.27 	321.15 	5007372.58 	1266424.39 	SH
MWD04	6350	7.40	412.61 	320.49 	5007370.60 	1266421.83 	SH
MWD04	6349	12.10	412.64 	320.52 	5007367.63 	1266418.20 	SH
MWD04	6348	14.40	413.17 	321.05 	5007366.38 	1266416.20 	SH
MWD04	6346	20.80	413.06 	320.94 	5007362.48 	1266411.13 	SH
MWD04	6347	20.90	413.06 	320.94 	5007362.47 	1266411.06 	SH
MWD04	6345	29.90	413.02 	320.90 	5007357.18 	1266403.78 	SH
MWD04	6344	39.60	413.02 	320.90 	5007351.05 	1266396.18 	SH
MWD04	6343	52.30	412.78 	320.66 	5007343.39 	1266386.03 	SH
MWD04	6342	58.60	412.53 	320.41 	5007339.51 	1266381.09 	SH
MWD04	6341	63.60	413.07 	320.95 	5007336.67 	1266377.00 	SH
MWD04	6340	70.40	412.64 	320.52 	5007332.61 	1266371.51 	SH
MWD04	6339	74.80	413.30 	321.18 	5007330.16 	1266367.88 	SH
MWD04	6338	79.00	413.08 	320.96 	5007327.78 	1266364.42 	SH
MWD04	6337	88.70	413.06 	320.94 	5007321.83 	1266356.71 	SH
MWD04	6336	91.00	413.24 	321.12 	5007320.07 	1266355.19 	SH
MWD04	6335	101.40	413.22 	321.10 	5007313.97 	1266346.74 	SH
MWD04	6334	110.80	413.28 	321.16 	5007308.25 	1266339.31 	SH
MWD04	6333	123.30	413.21 	321.09 	5007300.73 	1266329.34 	SH
MWD04	6332	126.10	413.17 	321.05 	5007299.27 	1266326.89 	SH
MWD04	6331	131.50	413.24 	321.12 	5007295.99 	1266322.63 	SH
MWD04	6330	134.40	412.88 	320.76 	5007293.99 	1266320.50 	SH
MWD04	6329	137.60	413.10 	320.98 	5007292.22 	1266317.86 	SH
MWD04	6328	144.80	412.88 	320.76 	5007288.37 	1266311.71 	SH
MWD04	6327	159.00	413.10 	320.98 	5007279.22 	1266300.80 	SH
MWD04	6113	164.60	413.28 	321.16 	5007276.04 	1266296.20 	TB
MWD04	6112	166.70	411.50 	319.38 	5007274.71 	1266294.57 	BB
MWD04	6111	168.30	411.02 	318.90 	5007274.05 	1266293.10 	SH
MWD04	6110	171.60	410.71 	318.59 	5007272.08 	1266290.45 	WL
MWD04	6109	173.50	410.43 	318.31 	5007270.80 	1266288.98 	DP
MWD04	6108	178.00	410.52 	318.40 	5007268.08 	1266285.49 	DP
MWD04	6107	181.00	410.71 	318.59 	5007266.32 	1266283.03 	WL
MWD04	6106	192.50	411.15 	319.03 	5007259.89 	1266273.52 	SH
MWD04	6105	194.20	410.94 	318.82 	5007258.46 	1266272.42 	SH
MWD04	6104	211.40	411.10 	318.98 	5007248.05 	1266258.76 	SH
MWD04	6103	221.10	411.24 	319.12 	5007242.40 	1266250.79 	SH
MWD04	6102	241.00	410.64 	318.52 	5007230.03 	1266235.18 	SH
MWD04	6101	242.00	411.01 	318.89 	5007229.75 	1266234.15 	SH
MWD04	6100	267.30	411.21 	319.09 	5007214.79 	1266213.75 	SH
MWD04	6099	281.00	411.04 	318.92 	5007206.29 	1266203.02 	SH
MWD04	6098	297.00	410.95 	318.83 	5007196.58 	1266190.33 	WL
MWD04	6097	303.10	410.21 	318.09 	5007193.13 	1266185.34 	DP
MWD04	6096	305.60	410.15 	318.03 	5007191.94 	1266183.10 	DP
MWD04	6095	312.30	409.91 	317.79 	5007187.40 	1266178.13 	DP
MWD04	6094	313.80	410.09 	317.97 	5007186.43 	1266176.98 	DP
MWD04	6093	314.70	410.59 	318.47 	5007185.94 	1266176.14 	DP
MWD04	6092	317.20	410.94 	318.82 	5007184.20 	1266174.31 	BB WL
MWD04	6091	317.90	411.65 	319.53 	5007183.89 	1266173.75 	TB
MWD04	6090	318.50	412.02 	319.90 	5007183.56 	1266173.25 	SH
MWD04	6089	324.70	411.26 	319.14 	5007179.84 	1266168.19 	SH
MWD04	6088	334.90	410.76 	318.64 	5007173.88 	1266159.99 	SH
MWD04	6087	345.90	411.07 	318.95 	5007167.36 	1266151.09 	SH
MWD04	6086	353.40	410.57 	318.45 	5007162.62 	1266145.24 	SH
MWD04	6085	366.90	410.60 	318.48 	5007154.52 	1266134.45 	SH
MWD04	6084	383.00	410.83 	318.71 	5007144.75 	1266121.74 	SH
MWD04	6083	405.40	411.16 	319.04 	5007131.31 	1266103.75 	SH
MWD04	6082	409.80	410.91 	318.79 	5007129.04 	1266100.03 	SH
MWD04	6081	425.50	411.31 	319.19 	5007119.24 	1266087.64 	SH
MWD04	6080	439.00	410.62 	318.50 	5007111.26 	1266076.85 	WL
MWD04	6079	444.50	410.31 	318.19 	5007108.04 	1266072.38 	DP
MWD04	6078	448.40	410.50 	318.38 	5007105.65 	1266069.21 	DP
MWD04	6077	460.10	410.71 	318.59 	5007098.71 	1266059.85 	SH
MWD04	6076	473.90	410.25 	318.13 	5007090.33 	1266048.91 	DP
MWD04	6075	476.20	410.44 	318.32 	5007089.00 	1266047.02 	WL/BB
MWD04	5029	476.30	410.44 	318.32 	5007088.79 	1266047.08 	WL
MWD04	5028	478.80	411.29 	319.17 	5007087.46 	1266044.94 	SH
MWD04	5027	490.80	411.04 	318.92 	5007080.34 	1266035.25 	SH
MWD04	5026	507.50	411.73 	319.61 	5007069.79 	1266022.30 	SH
MWD04	5025	525.80	411.22 	319.10 	5007059.17 	1266007.42 	SH
MWD04	5024	530.00	412.42 	320.30 	5007056.63 	1266004.09 	SH
MWD04	5023	549.40	412.87 	320.75 	5007044.90 	1265988.61 	SH-RD
MWD04	5022	578.50	413.01 	320.89 	5007028.11 	1265964.78 	SH
MWD04	5021	583.20	412.26 	320.14 	5007024.95 	1265961.33 	SH-DRAIN
MWD04	5020	588.10	412.25 	320.13 	5007021.47 	1265957.75 	SH-DRAIN
MWD04	5019	598.00	413.26 	321.14 	5007015.74 	1265949.76 	SH-FE
MWD04	5018	634.90	413.15 	321.03 	5006996.30 	1265918.16 	SH-FE
MWD04	5017	664.50	412.86 	320.74 	5006979.07 	1265894.14 	SH-FE
MWD04	5016	674.70	414.45 	322.33 	5006969.81 	1265888.33 	SH-RD
							
MWD05	6311	-19.40	412.00 	319.89 	5007187.98 	1266657.47 	SH
MWD05	6312	11.80	411.92 	319.81 	5007169.37 	1266632.41 	SH
MWD05	6313	23.50	412.41 	320.30 	5007162.05 	1266623.30 	SH
MWD05	6314	37.30	411.83 	319.72 	5007153.57 	1266612.39 	SH
MWD05	6315	40.70	412.17 	320.06 	5007151.50 	1266609.74 	SH
MWD05	6316	51.80	412.23 	320.12 	5007144.82 	1266600.82 	SH
MWD05	6317	64.20	412.11 	320.00 	5007137.58 	1266590.86 	SH
MWD05	6318	66.40	412.53 	320.42 	5007135.98 	1266589.29 	SH
MWD05	6319	70.30	412.04 	319.93 	5007133.58 	1266586.22 	SH
MWD05	6320	80.30	412.79 	320.68 	5007127.25 	1266578.49 	SH
MWD05	6321	97.00	412.53 	320.42 	5007117.27 	1266565.02 	SH
MWD05	6322	101.10	412.57 	320.46 	5007114.55 	1266562.00 	SH
MWD05	6323	103.60	413.11 	321.00 	5007113.18 	1266559.87 	SH
MWD05	6324	112.00	413.18 	321.07 	5007108.20 	1266553.08 	SH
MWD05	6325	120.20	413.98 	321.87 	5007103.19 	1266546.57 	TB
MWD05	6031	120.90	411.52 	319.41 	5007102.70 	1266546.09 	BB
MWD05	6032	122.80	410.38 	318.27 	5007101.39 	1266544.72 	SH
MWD05	6033	125.60	409.82 	317.71 	5007099.99 	1266542.21 	WL
MWD05	6034	126.70	409.62 	317.51 	5007099.20 	1266541.45 	DP
MWD05	6035	130.60	409.64 	317.53 	5007096.72 	1266538.50 	DP
MWD05	6036	135.70	409.61 	317.50 	5007093.61 	1266534.46 	DP
MWD05	6037	139.00	409.81 	317.70 	5007091.51 	1266531.92 	WL
MWD05	6038	142.00	410.19 	318.08 	5007089.99 	1266529.21 	SH
MWD05	6039	179.40	410.36 	318.25 	5007067.17 	1266499.61 	SH
MWD05	6040	182.30	410.54 	318.43 	5007065.31 	1266497.34 	SH
MWD05	6041	217.20	409.94 	317.83 	5007044.46 	1266469.40 	SH
MWD05	6042	222.00	410.39 	318.28 	5007040.67 	1266466.21 	SH
MWD05	6043	239.60	410.55 	318.44 	5007030.84 	1266451.62 	SH
MWD05	6044	259.30	410.19 	318.08 	5007018.50 	1266436.30 	SH
MWD05	6045	272.50	410.66 	318.55 	5007010.48 	1266425.80 	SH
MWD05	6046	291.40	410.62 	318.51 	5006998.80 	1266410.96 	SH
MWD05	6047	297.40	410.39 	318.28 	5006995.06 	1266406.19 	SH
MWD05	6048	298.70	410.86 	318.75 	5006994.07 	1266405.30 	SH
MWD05	6049	309.10	410.77 	318.66 	5006988.16 	1266396.73 	SH
MWD05	6050	310.70	410.17 	318.06 	5006986.94 	1266395.68 	WL
MWD05	6051	311.00	409.50 	317.39 	5006986.64 	1266395.53 	DP
MWD05	6052	312.00	409.12 	317.01 	5006986.42 	1266394.45 	DP
MWD05	6055	318.00	409.39 	317.28 	5006983.01 	1266389.50 	DP
MWD05	6054	318.80	409.91 	317.80 	5006982.01 	1266389.21 	DP
MWD05	6053	321.50	409.99 	317.88 	5006980.76 	1266386.81 	DP
MWD05	6056	334.30	410.01 	317.90 	5006972.72 	1266376.87 	DP
MWD05	6057	338.80	409.80 	317.69 	5006969.70 	1266373.51 	DP
MWD05	6058	345.00	409.72 	317.61 	5006966.42 	1266368.17 	DP
MWD05	6059	350.90	410.15 	318.04 	5006962.30 	1266363.88 	DP
MWD05	6060	357.70	410.19 	318.08 	5006958.77 	1266358.11 	DP
MWD05	6061	363.00	409.55 	317.44 	5006955.03 	1266354.31 	DP
MWD05	6062	370.10	409.47 	317.36 	5006950.90 	1266348.49 	DP
MWD05	6063	382.30	409.72 	317.61 	5006943.68 	1266338.58 	DP
MWD05	6064	393.00	409.97 	317.86 	5006937.06 	1266330.20 	DP
MWD05	6065	399.50	410.22 	318.11 	5006932.99 	1266325.16 	WL
MWD05	6066	415.70	410.47 	318.36 	5006923.69 	1266311.91 	SH
MWD05	6067	417.90	410.23 	318.12 	5006921.64 	1266310.63 	SH
MWD05	5039	429.80	410.21 	318.10 	5006914.62 	1266301.12 	SH
MWD05	6068	431.70	410.21 	318.10 	5006912.96 	1266299.92 	SH
MWD05	6069	449.20	410.42 	318.31 	5006902.53 	1266285.83 	SH
MWD05	5038	451.60	410.59 	318.48 	5006901.59 	1266283.61 	SH
MWD05	5037	473.10	410.79 	318.68 	5006888.18 	1266266.75 	SH
MWD05	6070	473.30	410.80 	318.69 	5006887.98 	1266266.66 	SH
MWD05	6071	474.90	410.18 	318.07 	5006887.02 	1266265.36 	SH
MWD05	6072	476.60	410.08 	317.97 	5006885.96 	1266264.07 	SH
MWD05	5036	477.10	410.09 	317.98 	5006885.91 	1266263.45 	SH
MWD05	6073	479.60	410.43 	318.32 	5006883.81 	1266261.98 	SH
MWD05	5035	481.50	411.31 	319.20 	5006883.12 	1266260.01 	SH
MWD05	6074	481.90	411.36 	319.25 	5006882.97 	1266259.71 	SH
MWD05	5034	498.90	411.51 	319.40 	5006872.55 	1266246.25 	SH
MWD05	5033	507.60	411.77 	319.66 	5006869.04 	1266237.93 	SH
MWD05	5032	576.90	412.29 	320.18 	5006823.57 	1266185.53 	SH
MWD05	5031	602.70	412.28 	320.17 	5006808.70 	1266164.40 	SH
MWD05	5030	634.90	412.44 	320.33 	5006789.81 	1266138.30 	SH-FE
MWD05	5008	735.00	411.60 	319.49 	5006729.00 	1266058.77 	SH-FE
MWD05	5009	744.80	414.04 	321.93 	5006722.90 	1266051.09 	SH-RD
MWD05	5010	748.50	413.93 	321.82 	5006720.86 	1266048.06 	SH-RD
MWD05	5011	758.70	412.55 	320.44 	5006714.55 	1266040.04 	SH
MWD05	5012	762.60	412.16 	320.05 	5006712.06 	1266036.95 	SH-RD
MWD05	5013	769.30	412.14 	320.03 	5006708.13 	1266031.51 	SH-RD
MWD05	5014	795.10	413.76 	321.65 	5006691.82 	1266011.57 	SH
MWD05	5015	820.70	411.91 	319.80 	5006676.18 	1265991.31 	EOL
							
MWD05A	6261	2.70	411.80 	319.70 	5007072.26 	1266756.41 	SH
MWD05A	6262	22.60	412.49 	320.39 	5007060.30 	1266740.53 	SH
MWD05A	6263	24.60	412.56 	320.46 	5007059.21 	1266738.78 	SH
MWD05A	6264	33.00	412.37 	320.27 	5007054.12 	1266732.14 	SH
MWD05A	6265	35.60	412.15 	320.05 	5007052.55 	1266730.03 	SH
MWD05A	6266	43.50	412.07 	319.97 	5007047.68 	1266723.80 	SH
MWD05A	6267	52.30	411.96 	319.86 	5007042.67 	1266716.51 	SH
MWD05A	6268	61.50	411.75 	319.65 	5007036.96 	1266709.38 	SH
MWD05A	6269	76.00	411.69 	319.59 	5007028.17 	1266697.84 	SH
MWD05A	6270	100.20	411.97 	319.87 	5007013.95 	1266678.26 	SH
MWD05A	6271	106.60	412.11 	320.01 	5007010.10 	1266673.16 	SH
MWD05A	6272	115.50	412.24 	320.14 	5007004.69 	1266666.08 	SH
MWD05A	6273	122.90	411.90 	319.80 	5007000.35 	1266660.01 	SH
MWD05A	6274	131.60	412.59 	320.49 	5006995.28 	1266653.05 	SH
MWD05A	6275	139.20	412.62 	320.52 	5006990.36 	1266647.15 	SH
MWD05A	6276	144.60	412.24 	320.14 	5006986.94 	1266642.96 	TB
MWD05A	6277	145.30	410.94 	318.84 	5006987.08 	1266642.02 	BB
MWD05A	6278	146.90	410.17 	318.07 	5006985.79 	1266640.92 	SH
MWD05A	6030	215.40	410.34 	318.24 	5006944.82 	1266586.11 	SH
MWD05A	6029	222.80	410.21 	318.11 	5006940.26 	1266580.25 	SH
MWD05A	6028	237.20	410.00 	317.90 	5006931.24 	1266569.01 	SH
MWD05A	6027	244.00	410.05 	317.94 	5006927.64 	1266563.24 	SH
MWD05A	6026	248.50	409.72 	317.61 	5006925.07 	1266559.51 	WL
MWD05A	6025	251.50	409.55 	317.44 	5006923.04 	1266557.27 	DP
MWD05A	6024	260.30	409.58 	317.47 	5006918.10 	1266550.00 	DP
MWD05A	6023	263.30	409.55 	317.44 	5006916.01 	1266547.76 	DP
MWD05A	6022	289.50	409.56 	317.45 	5006900.96 	1266526.30 	DP
MWD05A	6021	290.20	409.67 	317.56 	5006900.44 	1266525.91 	DP
MWD05A	6020	296.10	409.81 	317.70 	5006896.42 	1266521.53 	DP
MWD05A	6019	309.00	409.06 	316.95 	5006888.76 	1266511.11 	SH
MWD05A	6018	320.10	409.41 	317.30 	5006881.95 	1266502.30 	DP
MWD05A	6017	332.50	409.80 	317.69 	5006874.75 	1266492.31 	DP
MWD05A	6016	335.50	409.98 	317.87 	5006873.10 	1266489.78 	WL
MWD05A	6015	340.50	410.03 	317.92 	5006870.46 	1266485.54 	SH
MWD05A	6014	343.60	409.98 	317.87 	5006867.95 	1266483.54 	WL
MWD05A	6013	361.40	409.81 	317.70 	5006857.40 	1266469.11 	DP
MWD05A	6012	367.70	409.93 	317.82 	5006853.24 	1266464.43 	WL
MWD05A	5041	368.20	409.95 	317.84 	5006853.47 	1266463.57 	WL
MWD05A	6011	381.10	410.11 	318.00 	5006845.42 	1266453.45 	SH
MWD05A	6010	386.90	410.34 	318.23 	5006842.43 	1266448.48 	SH
MWD05A	6009	418.30	410.60 	318.49 	5006823.32 	1266423.56 	SH
MWD05A	5042	421.50	410.41 	318.30 	5006821.43 	1266421.04 	SH
MWD05A	6008	428.30	410.50 	318.39 	5006817.00 	1266415.84 	SH
MWD05A	6007	445.30	410.32 	318.21 	5006807.20 	1266401.92 	SH
MWD05A	6006	464.50	410.23 	318.12 	5006795.05 	1266386.98 	SH
MWD05A	6005	467.60	409.76 	317.65 	5006794.14 	1266383.87 	WL SH
MWD05A	6004	474.50	409.53 	317.42 	5006789.51 	1266378.67 	DP
MWD05A	6003	477.20	409.35 	317.24 	5006787.63 	1266376.70 	DP
MWD05A	6002	478.20	409.78 	317.67 	5006786.47 	1266376.32 	WL BB
MWD05A	5044	524.10	410.55 	318.44 	5006758.54 	1266339.94 	SH-TRACK
MWD05A	5043	554.90	410.86 	318.75 	5006741.37 	1266314.35 	SH-TRACK
MWD05A	5045	578.60	413.38 	321.27 	5006726.82 	1266295.55 	SH-TRACK
MWD05A	5047	649.80	411.97 	319.86 	5006685.03 	1266237.87 	SH
MWD05A	5046	665.00	412.14 	320.03 	5006674.76 	1266226.60 	SH-FE
MWD05A	5007	773.00	412.38 	320.27 	5006610.40 	1266139.85 	SH-FE
MWD05A	5006	780.90	413.89 	321.78 	5006605.84 	1266133.49 	SH-RD
MWD05A	5005	810.70	411.87 	319.76 	5006587.87 	1266109.68 	SH
MWD05A	5004	812.30	411.59 	319.48 	5006587.00 	1266108.38 	SH-RD
MWD05A	5003	821.20	411.56 	319.45 	5006581.72 	1266101.17 	SH-RD
MWD05A	5002	849.80	411.66 	319.55 	5006564.71 	1266078.11 	SOL-OFFSET
							
MWD06	6279	-1.90	411.98 	319.89 	5006976.84 	1266881.93 	SH
MWD06	6280	7.10	411.87 	319.78 	5006971.62 	1266874.65 	SH
MWD06	6281	11.80	411.97 	319.88 	5006968.69 	1266870.96 	SH
MWD06	6283	33.50	411.53 	319.44 	5006956.47 	1266852.97 	SH
MWD06	6282	37.30	411.81 	319.72 	5006953.38 	1266850.50 	SH
MWD06	6284	44.40	410.57 	318.47 	5006949.50 	1266844.60 	SH
MWD06	6285	51.60	411.23 	319.13 	5006944.78 	1266839.15 	SH
MWD06	6286	61.30	411.23 	319.13 	5006939.08 	1266831.28 	SH
MWD06	6287	72.80	411.38 	319.28 	5006932.43 	1266821.92 	SH
MWD06	6288	91.00	411.76 	319.66 	5006921.60 	1266807.20 	SH
MWD06	6289	96.80	412.16 	320.06 	5006918.29 	1266802.53 	SH
MWD06	6290	108.60	412.15 	320.05 	5006911.40 	1266792.92 	SH
MWD06	6291	120.20	412.73 	320.63 	5006904.36 	1266783.70 	SH
MWD06	6292	124.00	411.56 	319.46 	5006902.29 	1266780.55 	SH
MWD06	6293	127.10	412.37 	320.27 	5006900.46 	1266777.99 	SH
MWD06	6294	128.50	412.11 	320.01 	5006899.48 	1266777.00 	SH
MWD06	6295	134.20	412.30 	320.20 	5006896.23 	1266772.28 	SH
MWD06	6296	141.00	412.16 	320.06 	5006891.82 	1266767.11 	SH
MWD06	6297	142.40	411.21 	319.11 	5006891.20 	1266765.83 	SH
MWD06	6298	146.70	410.93 	318.83 	5006889.00 	1266762.14 	SH
MWD06	6299	148.40	411.88 	319.78 	5006887.80 	1266760.81 	SH
MWD06	6300	159.10	412.07 	319.97 	5006881.57 	1266752.15 	SH
MWD06	6301	161.10	412.59 	320.49 	5006880.17 	1266750.66 	SH
MWD06	6303	165.80	412.60 	320.50 	5006877.83 	1266746.57 	SH/TB
MWD06	6302	165.80	412.61 	320.51 	5006877.84 	1266746.55 	SH
MWD06	6304	168.90	410.30 	318.20 	5006875.69 	1266744.29 	SH/BB
MWD06	6305	170.70	410.16 	318.06 	5006874.86 	1266742.64 	SH
MWD06	6306	174.40	410.53 	318.43 	5006872.25 	1266740.05 	SH
MWD06	6307	184.50	410.37 	318.27 	5006866.50 	1266731.74 	SH
MWD06	3466	184.60	410.39 	318.29 	5006866.44 	1266731.65 	TB
MWD06	3465	184.70	409.37 	317.27 	5006866.62 	1266731.36 	BB 
MWD06	3464	185.30	409.24 	317.14 	5006865.96 	1266731.10 	WL
MWD06	3463	185.80	409.14 	317.04 	5006865.79 	1266730.63 	DP
MWD06	3462	186.40	408.99 	316.89 	5006865.23 	1266730.32 	DP
MWD06	3461	188.60	408.40 	316.30 	5006863.69 	1266728.74 	DP
MWD06	3460	190.90	408.58 	316.48 	5006862.80 	1266726.54 	DP
MWD06	3459	195.10	408.95 	316.85 	5006860.20 	1266723.20 	DP
MWD06	3456	200.90	408.82 	316.72 	5006856.75 	1266718.54 	DP
MWD06	3457	203.50	408.44 	316.34 	5006855.37 	1266716.35 	DP
MWD06	3455	205.20	408.47 	316.37 	5006854.09 	1266715.18 	DP
MWD06	3458	207.00	408.55 	316.45 	5006853.29 	1266713.44 	DP
MWD06	3454	211.00	409.02 	316.92 	5006850.84 	1266710.29 	DP
MWD06	3453	218.00	409.17 	317.07 	5006846.71 	1266704.72 	DP
MWD06	3452	224.00	409.09 	316.99 	5006843.06 	1266699.88 	DP
MWD06	3451	232.30	408.91 	316.81 	5006838.33 	1266693.04 	DP
MWD06	3450	239.10	409.00 	316.90 	5006834.19 	1266687.75 	DP
MWD06	3449	244.70	409.05 	316.95 	5006830.86 	1266683.23 	DP
MWD06	3448	252.30	409.29 	317.19 	5006826.31 	1266677.09 	DP
MWD06	3447	262.60	409.39 	317.29 	5006820.24 	1266668.84 	WL
MWD06	3446	265.20	409.60 	317.50 	5006818.66 	1266666.67 	SH
MWD06	3445	269.40	409.66 	317.56 	5006816.22 	1266663.25 	SH
MWD06	3444	272.80	409.86 	317.76 	5006814.24 	1266660.49 	SH
MWD06	3443	276.10	409.96 	317.86 	5006812.17 	1266657.91 	SH
MWD06	3442	295.50	410.13 	318.03 	5006800.72 	1266642.32 	SH
MWD06	3441	329.60	410.11 	318.01 	5006780.57 	1266614.82 	SH
MWD06	3440	342.20	410.01 	317.91 	5006773.34 	1266604.53 	SH
MWD06	3439	344.00	409.86 	317.76 	5006772.17 	1266603.07 	SH
MWD06	3438	369.00	409.65 	317.55 	5006757.14 	1266583.07 	SH
MWD06	3437	370.40	409.56 	317.46 	5006756.35 	1266581.95 	WL
MWD06	3436	371.50	409.53 	317.43 	5006755.77 	1266580.98 	DP
MWD06	3435	372.10	409.50 	317.40 	5006755.42 	1266580.51 	DP
MWD06	3434	372.60	409.62 	317.52 	5006754.70 	1266580.47 	SH/DP
MWD06	3433	373.30	409.48 	317.38 	5006754.39 	1266579.83 	DP
MWD06	3430	373.90	409.64 	317.54 	5006754.30 	1266579.12 	DP
MWD06	3432	374.20	409.64 	317.54 	5006753.92 	1266579.03 	WL
MWD06	3429	375.70	409.66 	317.56 	5006753.42 	1266577.56 	SH
MWD06	3431	375.70	409.64 	317.54 	5006753.25 	1266577.62 	WL
MWD06	3428	377.70	409.55 	317.45 	5006752.05 	1266576.00 	SH
MWD06	3427	378.00	409.64 	317.54 	5006751.85 	1266575.81 	SH
MWD06	3426	387.20	409.88 	317.78 	5006746.47 	1266568.38 	SH
MWD06	3425	395.00	409.55 	317.45 	5006741.89 	1266562.09 	SH
MWD06	3424	399.30	409.41 	317.31 	5006739.41 	1266558.57 	SH
MWD06	3423	400.60	409.36 	317.26 	5006738.58 	1266557.56 	WL
MWD06	3422	401.10	409.33 	317.23 	5006738.29 	1266557.14 	DP
MWD06	3421	409.00	409.29 	317.19 	5006733.64 	1266550.73 	DP
MWD06	3420	416.30	409.36 	317.26 	5006729.34 	1266544.84 	DP
MWD06	3419	418.20	409.31 	317.21 	5006728.17 	1266543.32 	DP
MWD06	3418	419.40	409.10 	317.00 	5006727.50 	1266542.33 	DP
MWD06	3417	420.70	409.02 	316.92 	5006726.76 	1266541.34 	DP
MWD06	3416	421.90	408.87 	316.77 	5006725.99 	1266540.41 	DP
MWD06	3415	423.90	408.91 	316.81 	5006724.90 	1266538.69 	DP
MWD06	3414	423.90	409.23 	317.13 	5006724.84 	1266538.69 	BB/WL
MWD06	4151	430.30	411.58 	319.48 	5006720.81 	1266533.79 	SH
MWD06	4152	446.60	411.47 	319.37 	5006713.64 	1266518.78 	SH
MWD06	4153	476.00	411.45 	319.35 	5006693.43 	1266497.15 	SH
MWD06	4154	542.80	412.01 	319.90 	5006654.64 	1266442.76 	SH
MWD06	4155	595.60	412.02 	319.91 	5006622.34 	1266400.93 	SH
MWD06	4156	618.70	410.37 	318.26 	5006609.17 	1266382.02 	SH-TRACK
MWD06	4157	655.70	410.44 	318.33 	5006587.46 	1266352.06 	SH
MWD06	4158	737.00	412.74 	320.63 	5006540.22 	1266285.90 	SH-TB
MWD06	4159	741.30	409.68 	317.57 	5006538.09 	1266282.09 	SH-BB
MWD06	4160	744.70	409.79 	317.68 	5006535.10 	1266280.00 	SH-BB
MWD06	4161	749.10	412.47 	320.36 	5006532.44 	1266276.58 	SH-TB
MWD06	4162	754.40	410.75 	318.64 	5006529.91 	1266271.82 	SH
MWD06	4163	802.80	411.08 	318.97 	5006500.57 	1266233.35 	SH
MWD06	4164	814.80	411.42 	319.31 	5006493.89 	1266223.32 	SH
MWD06	4165	821.40	413.66 	321.55 	5006489.72 	1266218.24 	SH-TB-EDGE TRACK
MWD06	4166	826.40	413.58 	321.47 	5006487.10 	1266213.90 	SH-EDGE TRACK
MWD06	4167	857.00	412.09 	319.98 	5006469.15 	1266189.18 	SH
MWD06	4168	880.30	411.57 	319.46 	5006455.32 	1266170.45 	SH-RD
MWD06	4169	881.70	411.21 	319.10 	5006454.73 	1266169.12 	SH-RD
MWD06	4170	886.70	411.24 	319.13 	5006450.87 	1266165.77 	SH-RD-CE
MWD06	4171	889.90	411.09 	318.98 	5006449.01 	1266163.15 	SH-RD-EDGE
MWD06	4172	892.80	411.65 	319.54 	5006447.63 	1266160.53 	SH-RD-TB
MWD06	4173	921.10	410.85 	318.74 	5006433.01 	1266136.12 	SH
MWD06	4174	975.20	417.23 	325.12 	5006399.15 	1266093.86 	EOL
							
MWD06A	5099	-6.00	411.11 	319.02 	5006964.07 	1267035.67 	SOL
MWD06A	5100	14.50	410.11 	318.02 	5006954.65 	1267017.48 	SOL
MWD06A	5101	19.30	411.07 	318.98 	5006948.91 	1267015.34 	SOL
MWD06A	5102	31.60	410.85 	318.76 	5006940.68 	1267006.16 	SH
MWD06A	5103	49.70	411.12 	319.03 	5006930.47 	1266991.19 	SH
MWD06A	5104	70.50	411.64 	319.55 	5006917.92 	1266974.64 	SH
MWD06A	6310	73.60	411.29 	319.20 	5006915.37 	1266972.74 	SH
MWD06A	3352	95.30	411.48 	319.39 	5006901.87 	1266955.66 	SH
MWD06A	6309	96.50	411.99 	319.90 	5006901.66 	1266954.39 	TB
MWD06A	6308	96.80	409.41 	317.32 	5006901.29 	1266954.22 	BB
MWD06A	3353	97.50	409.32 	317.23 	5006900.96 	1266953.63 	SH
MWD06A	3354	99.40	409.24 	317.15 	5006899.26 	1266952.52 	SH
MWD06A	3355	99.80	409.52 	317.43 	5006898.97 	1266952.26 	SH
MWD06A	3356	112.50	409.80 	317.71 	5006891.27 	1266942.13 	SH
MWD06A	3357	117.00	409.61 	317.52 	5006888.46 	1266938.65 	SH
MWD06A	3358	125.00	409.70 	317.61 	5006883.47 	1266932.34 	SH
MWD06A	3359	135.40	409.99 	317.90 	5006877.16 	1266924.06 	SH
MWD06A	3360	153.20	410.19 	318.10 	5006866.14 	1266910.13 	SH
MWD06A	3361	165.50	410.18 	318.09 	5006858.64 	1266900.45 	SH
MWD06A	3362	190.10	410.10 	318.01 	5006843.30 	1266881.16 	SH
MWD06A	3363	221.20	410.05 	317.96 	5006824.23 	1266856.59 	SH
MWD06A	3364	242.20	409.87 	317.78 	5006811.24 	1266840.15 	SH
MWD06A	3365	251.40	409.78 	317.69 	5006805.52 	1266832.85 	SH
MWD06A	3366	257.80	409.78 	317.69 	5006801.67 	1266827.76 	SH
MWD06A	3367	259.50	409.65 	317.56 	5006800.64 	1266826.40 	SH
MWD06A	3368	264.10	409.49 	317.40 	5006797.73 	1266822.85 	SH
MWD06A	3369	266.50	409.35 	317.26 	5006796.34 	1266820.94 	SH
MWD06A	3370	267.40	409.09 	317.00 	5006795.64 	1266820.25 	WL
MWD06A	3371	270.20	408.83 	316.74 	5006793.90 	1266818.04 	DP
MWD06A	3372	275.80	408.70 	316.61 	5006790.52 	1266813.60 	DP
MWD06A	3373	281.70	408.53 	316.44 	5006787.01 	1266808.94 	DP
MWD06A	3374	285.00	408.59 	316.50 	5006784.92 	1266806.34 	DP
MWD06A	3375	288.70	408.55 	316.46 	5006782.53 	1266803.50 	DP
MWD06A	3376	293.80	408.57 	316.48 	5006779.39 	1266799.52 	DP
MWD06A	3377	297.00	408.51 	316.42 	5006777.48 	1266796.96 	DP
MWD06A	3378	303.20	408.64 	316.55 	5006773.72 	1266791.96 	DP
MWD06A	3379	305.40	408.54 	316.45 	5006772.29 	1266790.31 	DP
MWD06A	3380	311.30	408.80 	316.71 	5006768.64 	1266785.67 	DP
MWD06A	3381	315.80	408.92 	316.83 	5006765.90 	1266782.14 	DP
MWD06A	3382	327.80	409.05 	316.96 	5006758.39 	1266772.71 	DP
MWD06A	3383	345.50	409.10 	317.01 	5006747.61 	1266758.69 	DP
MWD06A	3384	349.90	409.14 	317.05 	5006744.79 	1266755.34 	WL
MWD06A	3385	375.60	409.24 	317.15 	5006728.96 	1266735.08 	SH
MWD06A	3386	378.00	409.66 	317.57 	5006727.56 	1266733.07 	SH
MWD06A	3387	378.20	409.99 	317.90 	5006727.47 	1266732.96 	SH
MWD06A	3388	389.90	410.01 	317.92 	5006720.26 	1266723.69 	SH
MWD06A	3389	411.10	409.92 	317.82 	5006707.12 	1266707.04 	SH
MWD06A	3390	416.10	410.03 	317.93 	5006704.02 	1266703.23 	SH
MWD06A	3391	419.70	410.08 	317.98 	5006701.86 	1266700.34 	SH
MWD06A	3392	427.60	409.98 	317.88 	5006697.07 	1266694.02 	SH
MWD06A	3393	443.50	410.02 	317.92 	5006687.24 	1266681.53 	SH
MWD06A	3394	456.30	409.82 	317.72 	5006679.34 	1266671.48 	SH
MWD06A	3395	465.60	409.67 	317.57 	5006673.48 	1266664.28 	SH
MWD06A	3396	467.90	409.35 	317.25 	5006672.25 	1266662.26 	SH
MWD06A	3397	468.80	409.41 	317.31 	5006671.61 	1266661.56 	SH
MWD06A	3398	473.00	409.25 	317.15 	5006668.95 	1266658.34 	SH
MWD06A	3399	478.60	409.19 	317.09 	5006665.56 	1266653.87 	SH
MWD06A	3400	483.60	409.04 	316.94 	5006662.48 	1266649.92 	WL
MWD06A	3401	485.60	408.94 	316.84 	5006661.19 	1266648.41 	DP
MWD06A	3402	488.20	408.85 	316.75 	5006659.50 	1266646.46 	DP
MWD06A	3403	490.60	408.80 	316.70 	5006658.12 	1266644.48 	DP
MWD06A	3404	492.80	409.03 	316.93 	5006656.77 	1266642.72 	WL
MWD06A	3405	507.90	409.30 	317.20 	5006647.39 	1266630.88 	SH
MWD06A	3406	510.80	409.18 	317.08 	5006645.67 	1266628.62 	SH
MWD06A	3407	512.30	409.03 	316.93 	5006644.84 	1266627.35 	WL
MWD06A	3408	512.60	408.95 	316.85 	5006644.59 	1266627.11 	DP
MWD06A	3409	512.90	409.01 	316.91 	5006644.48 	1266626.90 	WL
MWD06A	3410	514.20	409.15 	317.05 	5006643.68 	1266625.83 	SH
MWD06A	3411	515.30	409.51 	317.41 	5006642.75 	1266625.10 	SH
MWD06A	3412	516.10	409.55 	317.45 	5006642.38 	1266624.43 	SH
MWD06A	3413	516.20	409.76 	317.66 	5006642.32 	1266624.32 	SH
MWD06A	4150	518.30	410.15 	318.05 	5006640.97 	1266622.73 	SH
MWD06A	4149	527.10	410.03 	317.93 	5006635.50 	1266615.87 	SH
MWD06A	4148	536.30	411.81 	319.71 	5006630.35 	1266608.20 	SH
MWD06A	4147	560.60	411.50 	319.40 	5006614.72 	1266589.61 	SH
MWD06A	4146	594.00	411.46 	319.36 	5006594.72 	1266562.83 	SH
MWD06A	4145	634.70	411.35 	319.25 	5006569.65 	1266530.69 	SH
MWD06A	4144	670.50	411.46 	319.36 	5006546.52 	1266503.44 	SH
MWD06A	4143	722.50	412.05 	319.95 	5006514.96 	1266462.03 	SH
MWD06A	4142	739.60	410.40 	318.30 	5006504.54 	1266448.47 	SH-TRACK
MWD06A	4141	786.00	410.15 	318.05 	5006476.22 	1266411.79 	SH-TRACK
MWD06A	4140	866.20	410.90 	318.80 	5006426.87 	1266348.51 	SH-TRACK
MWD06A	4139	898.30	410.99 	318.89 	5006407.22 	1266323.09 	SH
MWD06A	4138	928.20	413.54 	321.44 	5006388.17 	1266300.11 	SH-EDGE TRACK
MWD06A	4137	937.20	413.27 	321.17 	5006383.09 	1266292.57 	SH-EDGE TRACK
MWD06A	4136	951.40	411.13 	319.03 	5006374.31 	1266281.49 	SH
MWD06A	4135	984.90	410.73 	318.63 	5006353.63 	1266255.08 	SH
MWD06A	4134	1036.60	410.55 	318.45 	5006321.93 	1266214.27 	SH
MWD06A	4133	1092.70	410.93 	318.83 	5006287.45 	1266170.07 	EOL-RD
MWD06A	4132	1103.60	413.43 	321.33 	5006280.72 	1266161.47 	EOL-RD
							
MWD07	5090	-5.40	410.80 	318.72 	5006971.37 	1267212.68 	SOL-OFFSET
MWD07	5091	5.70	410.02 	317.94 	5006962.72 	1267205.87 	SH
MWD07	5092	26.90	410.62 	318.54 	5006952.02 	1267187.08 	SH
MWD07	5093	30.40	411.14 	319.06 	5006948.32 	1267185.39 	SH
MWD07	5094	92.60	411.62 	319.54 	5006909.24 	1267137.07 	SH
MWD07	5095	144.00	410.93 	318.85 	5006872.70 	1267100.68 	SH
MWD07	5097	148.90	411.33 	319.25 	5006872.16 	1267094.62 	SH
MWD07	3197	152.60	411.47 	319.39 	5006870.43 	1267091.22 	TB
MWD07	3198	154.50	409.67 	317.59 	5006869.09 	1267089.90 	SH/bb
MWD07	3199	155.20	409.67 	317.59 	5006868.78 	1267089.26 	SH
MWD07	5096	157.40	409.56 	317.48 	5006868.73 	1267086.54 	SH
MWD07	3200	158.00	409.08 	317.00 	5006866.91 	1267087.25 	SH
MWD07	3201	160.00	408.88 	316.80 	5006865.67 	1267085.63 	SH
MWD07	3202	161.40	409.12 	317.04 	5006864.88 	1267084.47 	SH
MWD07	3203	169.40	409.54 	317.46 	5006859.67 	1267078.32 	SH
MWD07	3204	191.50	409.78 	317.70 	5006845.66 	1267061.27 	SH
MWD07	3205	221.30	409.78 	317.70 	5006826.74 	1267038.28 	SH
MWD07	3206	243.40	409.82 	317.73 	5006812.76 	1267021.18 	SH
MWD07	3207	250.00	409.67 	317.58 	5006808.55 	1267016.04 	SH
MWD07	3208	263.30	409.69 	317.60 	5006800.19 	1267005.78 	SH
MWD07	3209	288.00	409.58 	317.49 	5006784.46 	1266986.64 	SH
MWD07	3210	297.10	409.64 	317.55 	5006778.63 	1266979.73 	SH
MWD07	3211	312.50	409.51 	317.42 	5006768.94 	1266967.71 	SH
MWD07	3351	329.40	409.54 	317.45 	5006758.12 	1266954.77 	SH
MWD07	3212	332.40	409.56 	317.47 	5006756.27 	1266952.43 	SH
MWD07	3350	334.20	409.55 	317.46 	5006755.07 	1266951.02 	SH
MWD07	3349	334.90	409.45 	317.36 	5006754.65 	1266950.49 	SH
MWD07	3213	335.40	409.41 	317.32 	5006754.25 	1266950.18 	SH
MWD07	3214	335.40	409.41 	317.32 	5006754.25 	1266950.18 	SH
MWD07	3348	336.70	409.41 	317.32 	5006753.42 	1266949.14 	SH
MWD07	3347	345.50	409.48 	317.39 	5006747.85 	1266942.31 	SH
MWD07	3346	350.40	409.36 	317.27 	5006744.70 	1266938.56 	SH
MWD07	3345	358.30	409.25 	317.16 	5006739.68 	1266932.44 	SH
MWD07	3344	361.30	409.24 	317.15 	5006737.78 	1266930.19 	SH
MWD07	3343	365.20	409.38 	317.29 	5006735.35 	1266927.12 	SH
MWD07	3342	383.40	409.22 	317.13 	5006723.83 	1266913.06 	SH
MWD07	3341	386.20	409.09 	317.00 	5006722.01 	1266910.92 	SH
MWD07	3340	387.10	409.20 	317.11 	5006721.48 	1266910.17 	SH
MWD07	3339	387.70	409.51 	317.42 	5006721.15 	1266909.65 	SH
MWD07	3338	393.30	409.61 	317.52 	5006717.48 	1266905.43 	SH
MWD07	3337	411.70	409.64 	317.55 	5006705.87 	1266891.11 	SH
MWD07	3336	420.90	409.52 	317.43 	5006700.00 	1266884.03 	SH
MWD07	3335	422.10	409.20 	317.11 	5006699.31 	1266883.10 	SH
MWD07	3334	424.20	409.09 	317.00 	5006697.92 	1266881.50 	SH
MWD07	3333	425.10	408.91 	316.82 	5006697.25 	1266880.85 	WL
MWD07	3332	428.40	408.79 	316.70 	5006695.28 	1266878.22 	DP
MWD07	3331	437.10	408.37 	316.28 	5006689.63 	1266871.65 	DP
MWD07	3330	443.90	408.26 	316.17 	5006685.29 	1266866.33 	DP
MWD07	3329	449.90	408.31 	316.22 	5006681.63 	1266861.62 	DP
MWD07	3328	455.70	408.41 	316.32 	5006677.87 	1266857.25 	DP
MWD07	3327	460.10	408.35 	316.26 	5006675.05 	1266853.84 	DP
MWD07	3326	468.40	408.55 	316.46 	5006669.77 	1266847.45 	DP
MWD07	3325	473.10	408.59 	316.50 	5006666.90 	1266843.74 	DP
MWD07	3324	479.00	408.68 	316.59 	5006663.10 	1266839.18 	DP
MWD07	3323	482.70	408.80 	316.71 	5006660.81 	1266836.29 	WL
MWD07	3322	485.10	409.01 	316.92 	5006659.20 	1266834.49 	SH
MWD07	3321	494.60	408.92 	316.83 	5006653.11 	1266827.26 	SH
MWD07	3320	515.30	409.01 	316.92 	5006640.15 	1266811.02 	SH
MWD07	3319	532.40	409.00 	316.91 	5006629.55 	1266797.65 	SH
MWD07	3318	533.90	408.84 	316.75 	5006627.93 	1266797.09 	WL
MWD07	3317	538.30	408.74 	316.65 	5006625.23 	1266793.57 	DP
MWD07	3316	540.50	408.83 	316.74 	5006623.90 	1266791.82 	WL
MWD07	3315	542.80	408.92 	316.83 	5006622.58 	1266789.94 	SH
MWD07	3314	543.00	409.23 	317.14 	5006622.45 	1266789.82 	SH
MWD07	3313	550.90	409.14 	317.05 	5006617.24 	1266783.84 	SH
MWD07	3312	559.20	408.94 	316.85 	5006612.10 	1266777.23 	SH
MWD07	3311	560.40	409.01 	316.92 	5006611.39 	1266776.33 	SH
MWD07	3310	562.20	409.68 	317.59 	5006610.32 	1266774.88 	SH
MWD07	3309	562.80	409.75 	317.66 	5006609.93 	1266774.40 	SH
MWD07	3308	564.30	409.36 	317.27 	5006608.76 	1266773.42 	SH
MWD07	3307	574.10	409.10 	317.01 	5006602.68 	1266765.81 	SH
MWD07	3306	579.40	408.90 	316.81 	5006599.39 	1266761.55 	SH
MWD07	3305	580.30	408.90 	316.81 	5006598.92 	1266760.85 	WL
MWD07	3304	582.80	408.84 	316.75 	5006597.29 	1266758.97 	DP
MWD07	3303	586.20	408.79 	316.70 	5006595.04 	1266756.32 	DP
MWD07	3302	589.70	408.78 	316.69 	5006592.90 	1266753.64 	DP
MWD07	3301	596.20	408.60 	316.51 	5006588.58 	1266748.70 	DP
MWD07	3223	600.30	408.53 	316.44 	5006586.05 	1266745.53 	DP
MWD07	3300	601.70	408.50 	316.41 	5006585.13 	1266744.48 	DP
MWD07	3222	605.10	408.59 	316.50 	5006583.08 	1266741.77 	DP
MWD07	3221	609.90	408.78 	316.69 	5006579.85 	1266738.12 	DP
MWD07	4104	610.20	408.90 	316.81 	5006579.91 	1266737.76 	WL-1433
MWD07	3220	610.30	408.90 	316.81 	5006579.65 	1266737.78 	WL
MWD07	4105	613.90	410.14 	318.05 	5006577.41 	1266734.96 	SH
MWD07	4106	618.50	410.68 	318.59 	5006574.48 	1266731.50 	SH
MWD07	4107	664.80	410.68 	318.59 	5006545.57 	1266695.27 	SH
MWD07	4108	669.00	410.41 	318.32 	5006542.36 	1266692.55 	SH-EDGE TRACK
MWD07	4109	678.40	410.40 	318.31 	5006536.52 	1266685.07 	SH-EDGE TRACK
MWD07	4110	691.60	410.63 	318.54 	5006528.31 	1266674.82 	SH-EDGE TRACK
MWD07	4111	739.30	411.38 	319.29 	5006497.58 	1266638.29 	SH-EDGE TRACK
MWD07	4112	784.20	411.75 	319.66 	5006469.25 	1266603.40 	SH-EDGE TRACK
MWD07	4113	830.80	411.75 	319.65 	5006439.37 	1266567.76 	SH-EDGE TRACK
MWD07	4114	874.90	411.27 	319.17 	5006411.71 	1266533.37 	SH
MWD07	4115	889.00	413.28 	321.18 	5006403.13 	1266522.17 	SH-EDGE TRACK
MWD07	4116	894.10	413.24 	321.14 	5006399.08 	1266518.94 	SH-EDGE TRACK-TB
MWD07	4117	912.70	410.34 	318.24 	5006389.74 	1266502.43 	SH-EDGE TRACK-BB
MWD07	4118	956.90	409.74 	317.64 	5006359.61 	1266470.05 	SH
MWD07	4119	980.00	409.99 	317.89 	5006344.47 	1266452.55 	SH
MWD07	4120	1010.20	410.45 	318.35 	5006326.05 	1266428.61 	SH-RD
MWD07	4121	1066.10	410.62 	318.52 	5006289.81 	1266386.05 	SH
MWD07	4122	1095.40	410.13 	318.03 	5006271.62 	1266363.06 	TB
MWD07	4123	1098.40	409.04 	316.94 	5006269.69 	1266360.74 	BB-DRAIN
MWD07	4124	1103.40	410.72 	318.62 	5006266.64 	1266356.80 	TB-DRAIN-TRACK
MWD07	4125	1107.10	410.65 	318.55 	5006264.43 	1266353.79 	TRACK
MWD07	4126	1113.00	410.29 	318.19 	5006260.51 	1266349.36 	SH
MWD07	4127	1157.60	410.37 	318.27 	5006231.93 	1266315.13 	SH
MWD07	4128	1168.30	409.86 	317.76 	5006225.67 	1266306.49 	SH
MWD07	4129	1184.20	411.70 	319.60 	5006215.19 	1266294.55 	SH
MWD07	4130	1237.90	411.03 	318.93 	5006182.15 	1266252.18 	SH
MWD07	4131	1250.60	409.23 	317.13 	5006172.93 	1266243.26 	EOL
							
MWD07A	5079	-1.10	410.12 	318.04 	5006959.07 	1267340.29 	SOL
MWD07A	5088	47.70	410.62 	318.54 	5006944.52 	1267294.13 	SH
MWD07A	3118	76.20	411.10 	319.02 	5006909.17 	1267281.32 	SH
MWD07A	3117	78.40	410.75 	318.67 	5006907.79 	1267279.61 	SH
MWD07A	3116	82.80	410.89 	318.81 	5006904.89 	1267276.29 	SH
MWD07A	3115	88.20	410.59 	318.51 	5006901.53 	1267272.11 	SH
MWD07A	3114	97.90	410.72 	318.64 	5006895.27 	1267264.63 	SH
MWD07A	5080	101.40	410.70 	318.62 	5006892.25 	1267262.61 	SH
MWD07A	3113	108.30	410.76 	318.68 	5006888.85 	1267256.45 	SH
MWD07A	3112	114.70	411.11 	319.03 	5006884.86 	1267251.52 	SH
MWD07A	5083	117.10	411.15 	319.07 	5006882.94 	1267250.04 	SH
MWD07A	5082	117.80	411.25 	319.17 	5006881.12 	1267250.61 	SH
MWD07A	3111	121.00	411.18 	319.10 	5006880.58 	1267246.85 	TB
MWD07A	3110	122.90	409.71 	317.63 	5006879.47 	1267245.34 	SH
MWD07A	3109	124.30	409.36 	317.28 	5006878.57 	1267244.21 	SH
MWD07A	5084	126.90	409.11 	317.03 	5006876.97 	1267242.18 	SH
MWD07A	3108	127.00	409.06 	316.98 	5006876.82 	1267242.19 	SH
MWD07A	3107	128.10	408.79 	316.71 	5006876.06 	1267241.38 	SH
MWD07A	3106	129.80	408.62 	316.54 	5006875.05 	1267240.07 	SH
MWD07A	5081	129.80	411.18 	319.10 	5006879.61 	1267236.38 	SH
MWD07A	3105	134.50	408.68 	316.60 	5006872.08 	1267236.44 	SH
MWD07A	3104	138.80	408.83 	316.75 	5006869.28 	1267233.09 	SH
MWD07A	5085	150.20	408.98 	316.90 	5006861.93 	1267224.41 	SH
MWD07A	3103	155.80	409.01 	316.93 	5006858.37 	1267220.12 	SH
MWD07A	3102	161.10	409.05 	316.97 	5006854.98 	1267216.05 	SH
MWD07A	3101	167.90	409.35 	317.27 	5006850.78 	1267210.64 	SH
MWD07A	3100	182.90	409.52 	317.44 	5006841.19 	1267199.13 	SH
MWD07A	5086	191.30	409.53 	317.45 	5006835.74 	1267192.71 	SH
MWD07A	3099	209.90	409.57 	317.49 	5006823.77 	1267178.45 	SH
MWD07A	5087	217.10	409.49 	317.41 	5006818.67 	1267173.37 	SH
MWD07A	3098	220.20	409.53 	317.45 	5006817.28 	1267170.55 	SH
MWD07A	3097	239.50	409.32 	317.24 	5006804.97 	1267155.63 	SH
MWD07A	3096	254.60	409.23 	317.15 	5006795.29 	1267144.04 	SH
MWD07A	3095	268.00	409.11 	317.03 	5006786.70 	1267133.76 	SH
MWD07A	3094	273.10	409.13 	317.05 	5006783.38 	1267129.87 	SH
MWD07A	3093	293.40	409.42 	317.34 	5006770.34 	1267114.35 	SH
MWD07A	3092	314.10	409.27 	317.19 	5006757.10 	1267098.37 	SH
MWD07A	3091	336.90	409.22 	317.14 	5006742.50 	1267080.91 	SH
MWD07A	3090	363.20	409.13 	317.05 	5006725.97 	1267060.47 	SH
MWD07A	3089	370.80	409.12 	317.04 	5006721.10 	1267054.61 	SH
MWD07A	3088	371.60	408.86 	316.78 	5006720.41 	1267054.11 	SH
MWD07A	3087	376.60	408.90 	316.82 	5006717.30 	1267050.28 	SH
MWD07A	3086	387.90	408.99 	316.91 	5006710.15 	1267041.48 	SH
MWD07A	3085	394.90	409.04 	316.96 	5006705.64 	1267036.05 	SH
MWD07A	3084	397.90	409.55 	317.47 	5006703.51 	1267033.92 	SH
MWD07A	3083	420.10	409.73 	317.65 	5006689.41 	1267016.88 	SH
MWD07A	3082	433.10	409.76 	317.68 	5006680.89 	1267007.04 	SH
MWD07A	3081	443.70	409.72 	317.64 	5006674.42 	1266998.64 	SH
MWD07A	3080	455.40	409.64 	317.56 	5006666.77 	1266989.73 	SH
MWD07A	3079	466.90	409.46 	317.38 	5006659.60 	1266980.80 	SH
MWD07A	3078	467.30	409.06 	316.98 	5006659.27 	1266980.51 	SH
MWD07A	3077	482.00	408.86 	316.78 	5006649.95 	1266969.19 	SH
MWD07A	3076	488.80	408.73 	316.65 	5006645.48 	1266964.05 	SH
MWD07A	3075	491.00	408.54 	316.46 	5006644.14 	1266962.22 	SH
MWD07A	3074	492.50	408.51 	316.43 	5006643.30 	1266961.03 	SH
MWD07A	3073	493.90	408.75 	316.67 	5006642.53 	1266959.85 	SH
MWD07A	3072	494.50	408.94 	316.86 	5006641.97 	1266959.54 	SH
MWD07A	3071	503.50	408.97 	316.89 	5006636.27 	1266952.50 	SH
MWD07A	3070	516.10	408.91 	316.83 	5006628.04 	1266942.98 	SH
MWD07A	3069	525.80	408.94 	316.86 	5006622.01 	1266935.47 	SH
MWD07A	3068	533.60	409.06 	316.98 	5006616.77 	1266929.64 	SH
MWD07A	3067	573.50	408.69 	316.61 	5006591.37 	1266898.87 	SH
MWD07A	3061	577.50	408.62 	316.54 	5006588.88 	1266895.75 	WL
MWD07A	3062	581.40	408.53 	316.44 	5006586.08 	1266893.01 	DP
MWD07A	3063	586.00	408.44 	316.35 	5006583.54 	1266889.11 	DP
MWD07A	3064	594.00	408.27 	316.18 	5006578.23 	1266883.06 	DP
MWD07A	3065	597.70	407.94 	315.85 	5006576.15 	1266880.07 	DP
MWD07A	3066	600.90	407.84 	315.75 	5006573.46 	1266878.10 	DP
MWD07A	3060	610.10	407.99 	315.90 	5006567.63 	1266871.01 	DP
MWD07A	3059	613.80	408.23 	316.14 	5006565.73 	1266867.77 	DP
MWD07A	3055	617.90	408.40 	316.31 	5006563.08 	1266864.60 	DP
MWD07A	3056	619.90	407.97 	315.88 	5006561.75 	1266863.13 	DP
MWD07A	3057	621.40	407.70 	315.61 	5006560.69 	1266862.04 	DP
MWD07A	3058	622.10	407.58 	315.49 	5006560.30 	1266861.50 	DP
MWD07A	3050	624.90	407.67 	315.58 	5006558.30 	1266859.52 	DP
MWD07A	3054	625.10	407.70 	315.61 	5006558.15 	1266859.32 	DP
MWD07A	3012	626.40	407.93 	315.84 	5006555.42 	1266860.00 	DP
MWD07A	3053	627.10	408.20 	316.11 	5006557.14 	1266857.56 	DP
MWD07A	3049	627.30	408.29 	316.20 	5006557.01 	1266857.42 	DP
MWD07A	3048	627.80	408.19 	316.10 	5006556.65 	1266857.16 	DP
MWD07A	3013	627.90	408.16 	316.07 	5006554.46 	1266858.81 	DP
MWD07A	3052	627.90	408.22 	316.13 	5006556.61 	1266856.97 	DP
MWD07A	3051	629.80	408.63 	316.54 	5006555.56 	1266855.40 	WL
MWD07A	3014	629.80	408.61 	316.52 	5006553.28 	1266857.27 	WL
MWD07A	3047	629.90	408.62 	316.53 	5006555.37 	1266855.44 	WL
MWD07A	4103	630.30	408.62 	316.53 	5006554.99 	1266855.23 	WL
MWD07A	3015	632.30	408.91 	316.82 	5006552.00 	1266855.17 	TB
MWD07A	3016	638.30	408.96 	316.87 	5006548.20 	1266850.48 	SH
MWD07A	3017	647.10	409.07 	316.98 	5006542.66 	1266843.62 	SH
MWD07A	4102	659.40	409.29 	317.20 	5006536.79 	1266832.47 	SH
MWD07A	3011	662.50	409.34 	317.25 	5006533.70 	1266831.11 	SH
MWD07A	3010	663.30	409.29 	317.20 	5006535.31 	1266828.74 	SH
MWD07A	3018	667.00	409.52 	317.43 	5006530.10 	1266828.23 	SH
MWD07A	3009	671.90	409.56 	317.47 	5006529.18 	1266822.53 	SH
MWD07A	3006	677.50	409.64 	317.55 	5006524.89 	1266818.82 	SH
MWD07A	3005	678.00	409.60 	317.51 	5006526.69 	1266816.79 	SH
MWD07A	4101	685.00	409.57 	317.48 	5006520.12 	1266813.15 	SH
MWD07A	3004	685.50	409.63 	317.54 	5006521.26 	1266811.53 	SH
MWD07A	3007	685.60	409.63 	317.54 	5006519.82 	1266812.53 	SH
MWD07A	3008	686.90	409.11 	317.02 	5006519.02 	1266811.54 	SH
MWD07A	4100	687.00	409.10 	317.01 	5006518.51 	1266811.85 	SH
MWD07A	3003	687.80	409.12 	317.03 	5006519.69 	1266809.78 	SH
MWD07A	3002	701.00	409.03 	316.94 	5006509.87 	1266800.79 	SH
MWD07A	4099	701.40	409.06 	316.97 	5006509.65 	1266800.40 	SH
MWD07A	3001	702.70	409.74 	317.65 	5006508.65 	1266799.55 	SH
MWD07A	4098	702.90	409.74 	317.65 	5006508.70 	1266799.34 	SH
MWD07A	4097	717.90	409.44 	317.35 	5006498.81 	1266787.98 	SH-EDGE BUSH
MWD07A	4096	729.20	410.39 	318.30 	5006491.13 	1266779.67 	SH
MWD07A	4095	745.50	410.46 	318.37 	5006481.10 	1266766.85 	SH
MWD07A	4094	749.10	409.36 	317.27 	5006479.14 	1266763.85 	SH
MWD07A	4092	753.90	409.33 	317.24 	5006476.11 	1266760.01 	SH
MWD07A	4093	759.10	412.15 	320.06 	5006474.92 	1266754.25 	SH
MWD07A	4091	765.70	411.46 	319.37 	5006468.30 	1266751.17 	SH
MWD07A	4090	776.20	411.08 	318.99 	5006461.61 	1266743.19 	SH
MWD07A	4089	782.60	412.89 	320.80 	5006457.76 	1266737.98 	SH
MWD07A	4088	784.40	412.70 	320.61 	5006456.83 	1266736.43 	SH
MWD07A	4087	788.00	411.06 	318.97 	5006454.18 	1266734.01 	SH
MWD07A	4086	796.40	411.12 	319.03 	5006448.50 	1266727.76 	SH
MWD07A	4085	803.70	412.77 	320.68 	5006444.59 	1266721.53 	SH-EDGE TRACK
MWD07A	4084	812.50	412.85 	320.76 	5006438.27 	1266715.31 	SH-EDGE TRACK
MWD07A	4083	826.00	410.45 	318.36 	5006430.73 	1266704.09 	SH
MWD07A	4082	866.70	410.57 	318.48 	5006403.86 	1266673.39 	SH
MWD07A	4081	897.30	411.00 	318.91 	5006385.27 	1266649.14 	SH
MWD07A	4080	903.00	409.85 	317.76 	5006380.84 	1266645.41 	SH
MWD07A	4079	933.20	410.47 	318.38 	5006361.42 	1266622.24 	SH
MWD07A	4078	963.60	408.63 	316.54 	5006341.99 	1266598.87 	SH
MWD07A	4077	982.20	409.58 	317.49 	5006330.06 	1266584.66 	SH-EDGE TRACKS
MWD07A	4076	1005.50	409.77 	317.68 	5006314.43 	1266567.30 	SH-EDGE TRACKS
MWD07A	4075	1013.00	408.81 	316.72 	5006310.52 	1266560.79 	SH
MWD07A	4074	1043.40	409.32 	317.23 	5006290.94 	1266537.58 	SH
MWD07A	4073	1070.80	409.85 	317.76 	5006273.43 	1266516.44 	SH-TRACK
MWD07A	4072	1076.00	409.85 	317.76 	5006270.04 	1266512.53 	SH-TRACK
MWD07A	4071	1111.40	409.39 	317.30 	5006246.97 	1266485.64 	SH
MWD07A	4070	1125.20	408.80 	316.71 	5006238.69 	1266474.60 	SH
MWD07A	4069	1139.40	409.49 	317.40 	5006229.69 	1266463.57 	SH
MWD07A	4068	1175.40	409.62 	317.53 	5006206.51 	1266436.02 	SH
MWD07A	4067	1224.00	409.53 	317.44 	5006175.25 	1266398.92 	SH
MWD07A	4066	1272.00	409.36 	317.27 	5006144.63 	1266361.90 	SH
MWD07A	4065	1323.60	409.32 	317.23 	5006111.86 	1266322.07 	SH
MWD07A	4064	1369.90	409.10 	317.01 	5006082.26 	1266286.39 	EOL
