PO 647,60526




PO 10077,62336







PO 20512,63805







PO 29608,64975





PO 39763,66065





29	4931562.58	1412713.18	0.00	0.00	62.78	UA1-ALPHA
15	4931563.68	1412712.51	1.29	1.29	60.66	UA1
21	4931565.57	1412711.53	2.13	3.41	60.53	UA-1-CL
22	4931568.08	1412710.31	2.79	6.20	60.47	UA-1-RD-EDGE
25	4931569.34	1412709.32	1.60	7.81	59.04	UA1-BB2
						
5	4931555.47	1412706.41	0.00	0.00	66.23	UA-2-ALPHA
19	4931561.68	1412702.94	7.11	7.11	62.34	UA-2-CL
18	4931558.31	1412703.95	3.51	10.62	62.32	UA-2-BB
14	4931559.23	1412703.62	0.98	11.60	62.31	UA2
20	4931564.72	1412701.76	5.80	17.40	62.24	UA-2-ROAD EDGE
26	4931567.63	1412700.58	3.14	20.54	59.77	UA2-BB2
						
6	4931551.98	1412695.53	0.00	0.00	66.73	UA-3-ALPHA
14	4931554.60	1412694.73	2.74	2.74	63.72	UA-3-OBS
16	4931556.40	1412693.93	1.96	4.71	63.81	UA-3-CL
17	4931558.67	1412692.84	2.52	7.23	63.83	UA-3-RD-EDGE
15	4931553.93	1412694.96	5.19	12.42	63.69	UA-3-BB
27	4931564.99	1412689.95	12.14	24.56	60.71	UA3-BB2
						
7	4931546.78	1412685.01	0.00	0.00	67.29	UA-4-ALPHA-OFF
11	4931550.45	1412688.12	4.82	4.82	64.71	UA-4-BB-OFF
12	4931550.80	1412685.85	2.30	7.12	64.99	UA4
12	4931552.18	1412685.88	1.38	8.50	64.98	UA-4-CL
13	4931553.27	1412684.25	1.97	10.47	65.02	UA-4-RD-EDGE
28	4931559.98	1412683.09	6.80	17.28	62.50	UA4-SLOPE
						
8	4931546.20	1412675.74	0.00	0.00	67.43	UA-5-ALPHA
10	4931547.43	1412676.05	1.27	1.27	66.04	UA5
9	4931549.41	1412676.11	1.97	3.24	66.07	UA-5-CL
10	4931551.52	1412676.08	2.11	5.35	66.04	UA-5-EDGE-RD
100	4931557.56	1412675.18	6.11	11.46	63.28	UA5-LIDAR





LOWER ACCESS SHOTS ......CORRECTIONS INCLUDED


116	4931599.92	1412704.32	0.00	0.00	51.33	LA-A-ALPHA-RECALC
89	4931604.01	1412702.58	4.45	4.45	51.33	LA-AA
117	4931606.05	1412701.15	2.49	6.94	49.82	LA-A-BETA-RECALC
118	4931611.75	1412700.18	5.78	12.73	47.70	LA-A-PHI-RECALC
119	4931615.43	1412699.58	3.72	16.45	46.67	LA-A-LAMBDA-RECALC						
124	4931595.81	1412694.66	0.00	0.00	52.82	LA-B-ALPHA-RECALC
112	4931599.74	1412693.25	4.18	4.18	52.70	LA-B-RECALC
123	4931601.84	1412692.39	2.27	6.45	50.92	LA-B-BETA-RECALC-2
122	4931603.55	1412691.83	1.80	8.25	50.33	LA-B-PHI-RECALC-2						
128	4931590.59	1412685.94	0.00	0.00	54.15	LA-C-ALPHA
87	4931595.09	1412684.29	4.80	4.80	54.32	LA-C
	4931599.23	1412682.48	4.51	9.31	50.46	LA-C-BETA-RE
130	4931600.82	1412681.56	1.84	11.15	50.49	LA-C-PHI-RE						
131	4931586.98	1412678.49	0.00	0.00	55.70	LA-D-ALPHA-RE
86	4931591.68	1412677.01	4.93	4.93	55.77	LA-D
132	4931596.39	1412675.75	4.88	9.81	52.18	LA-D-BETA-RE
133	4931599.07	1412674.80	2.84	12.65	51.50	LA-D-PHI-BNDY-RE						
139	4931583.84	1412674.26	0.00	0.00	57.08	LA-1-ALPHA-RE
3	4931589.29	1412670.64	6.54	6.54	56.84	LA1
135	4931594.03	1412669.82	4.82	11.36	53.87	LA-I-BETA-RE
134	4931597.48	1412668.30	3.77	15.13	53.04	LA-1-PHI-RE						
138	4931584.39	1412665.87	0.00	0.00	57.62	LA-E-ALPHA-RE
85	4931587.04	1412665.10	2.75	2.75	57.63	LA-E
136	4931591.19	1412664.31	4.23	6.99	55.77	LA-E-BETA-RE
137	4931596.31	1412663.48	5.18	12.17	54.53	LA-E-PHI-RE


